76.0 241.0 75.128395 227.05426 76.0 199.0 76.0 185.0
76.0 185.0 76.0 171.5 72.089134 143.23723 76.0 131.0
76.0 131.0 79.839134 118.98723 96.848404 95.61369 107.0 88.0
107.0 88.0 117.848404 79.86369 146.33548 71.259415 160.0 68.0
160.0 68.0 173.58548 64.759415 201.95833 62.720085 216.0 62.0
216.0 62.0 231.20833 61.220085 261.75433 61.745907 277.0 62.0
277.0 62.0 291.75433 62.245907 322.0 60.5 336.0 64.0
336.0 64.0 350.0 67.5 377.48947 81.21239 389.0 90.0
389.0 90.0 400.73947 98.96239 422.05807 122.05742 429.0 135.0
429.0 135.0 436.80807 149.55742 444.36386 183.50761 448.0 200.0
448.0 200.0 451.36386 215.25761 455.607 246.42398 457.0 262.0
457.0 262.0 458.357 277.174 459.0 307.74985 459.0 323.0
459.0 323.0 459.0 338.49985 462.1946 371.36417 457.0 385.0
457.0 385.0 452.1946 397.61417 430.18744 419.48227 419.0 428.0
419.0 428.0 408.18744 436.23227 382.06982 447.7248 369.0 452.0
369.0 452.0 355.31982 456.4748 326.37796 461.4731 312.0 463.0
312.0 463.0 298.12796 464.4731 270.00122 463.88797 256.0 464.0
256.0 464.0 238.75124 464.13797 204.24869 464.1402 187.0 464.0
187.0 464.0 173.49869 463.8902 145.65822 466.4631 133.0 463.0
133.0 463.0 119.15822 459.2131 91.23399 444.85492 81.0 435.0
81.0 435.0 70.98399 425.35492 56.55379 398.4084 52.0 385.0
52.0 385.0 47.55379 371.9084 45.0 343.0135 45.0 329.0
45.0 329.0 45.0 313.0135 47.112034 279.92813 52.0 265.0
