264.0 291.0 262.25 291.0 258.49243 291.62186 257.0 291.0
257.0 291.0 255.49243 290.37186 252.99342 287.43494 252.0 286.0
252.0 286.0 250.74342 284.18494 248.50859 280.1361 248.0 278.0
248.0 278.0 247.25859 274.8861 247.43935 268.22186 247.0 265.0
247.0 265.0 246.68935 262.72186 245.30289 258.27167 245.0 256.0
245.0 256.0 244.80289 254.52164 243.92856 250.42856 245.0 250.0
245.0 250.0 247.67856 248.92856 256.25 250.0 260.0 250.0
260.0 250.0 262.0 250.0 266.0151 249.84732 268.0 250.0
268.0 250.0 269.2651 250.09732 272.1363 250.24425 273.0 251.0
273.0 251.0 274.1363 251.99425 275.21097 255.5206 276.0 257.0
276.0 257.0 277.21097 259.2706 280.31802 263.56445 281.0 266.0
281.0 266.0 282.06802 269.81445 282.71335 277.98676 283.0 282.0
283.0 282.0 283.21335 284.98676 283.0 291.0 283.0 294.0
283.0 294.0 283.0 295.5 283.96518 299.19568 283.0 300.0
283.0 300.0 280.96518 301.69568 274.08414 303.38315 271.0 304.0
271.0 304.0 266.58414 304.88315 257.5138 305.7492 253.0 306.0
253.0 306.0 248.51381 306.2492 239.47218 306.30844 235.0 306.0
235.0 306.0 232.22218 305.80844 226.30676 305.28152 224.0 304.0
224.0 304.0 221.80676 302.78152 218.29178 298.29648 217.0 296.0
217.0 296.0 213.79178 290.29648 208.34244 278.14893 206.0 272.0
206.0 272.0 204.34244 267.64893 201.44012 258.54794 201.0 254.0
201.0 254.0 200.69012 250.79794 202.38536 244.2269 203.0 241.0
203.0 241.0 203.38536 238.9769 203.80077 234.43909 205.0 233.0
205.0 233.0 206.30077 231.43909 211.07634 230.13156 213.0 229.0
213.0 229.0 215.32634 227.63156 219.4556 223.74837 222.0 223.0
222.0 223.0 227.9556 221.24837 240.7256 219.7843 247.0 219.0
247.0 219.0 250.7256 218.5343 258.2471 218.16316 262.0 218.0
262.0 218.0 263.9971 217.91316 268.16452 217.42642 270.0 218.0
270.0 218.0 272.16452 218.67642 276.30444 221.40417 278.0 223.0
278.0 223.0 280.55444 225.40417 285.39407 230.90286 287.0 234.0
287.0 234.0 288.89407 237.65286 290.79587 245.98628 292.0 250.0
292.0 250.0 293.04587 253.48628 295.23907 260.449 296.0 264.0
296.0 264.0 296.73907 267.449 297.70712 274.48526 298.0 278.0
298.0 278.0 298.20712 280.48526 298.23605 285.52127 298.0 288.0
298.0 288.0 297.73605 290.77127 297.36157 296.7307 296.0 299.0
296.0 299.0 294.36157 301.7307 288.86295 306.32172 286.0 308.0
286.0 308.0 281.61295 310.57172 271.96707 314.89618 267.0 316.0
267.0 316.0 260.71707 317.39618 247.5064 317.66635 241.0 318.0
241.0 318.0 237.7564 318.16635 231.25 318.0 228.0 318.0
228.0 318.0 224.75 318.0 218.15872 318.59222 215.0 318.0
215.0 318.0 210.15872 317.09222 200.49516 314.04324 196.0 312.0
196.0 312.0 192.24516 310.29324 184.88467 305.8847 182.0 303.0
182.0 303.0 178.63467 299.6347 172.61832 291.47412 171.0 287.0
171.0 287.0 168.36832 279.72412 166.02448 263.81158 165.0 256.0
165.0 256.0 164.02448 248.56163 162.03922 233.27444 163.0 226.0
163.0 226.0 163.78922 220.02444 169.37547 208.57713 172.0 203.0
172.0 203.0 175.37547 195.82713 182.8103 181.7035 187.0 175.0
187.0 175.0 189.0603 171.7035 193.71713 164.82382 197.0 163.0
197.0 163.0 202.71713 159.82382 216.33688 156.0923 223.0 155.0
223.0 155.0 231.58688 153.5923 249.53763 151.77158 258.0 153.0
258.0 153.0 265.03766 154.02158 278.7718 160.36691 285.0 164.0
285.0 164.0 290.7718 167.36691 301.1881 176.28836 306.0 181.0
306.0 181.0 313.1881 188.03836 326.6523 203.18747 333.0 211.0
333.0 211.0 336.4023 215.18747 343.06183 224.09006 345.0 229.0
345.0 229.0 346.81183 233.59006 347.3405 243.98817 348.0 249.0
348.0 249.0 348.5905 253.48817 350.128 262.52008 350.0 267.0
350.0 267.0 349.878 271.27008 348.69647 280.09808 347.0 284.0
347.0 284.0 343.69647 291.59808 334.91968 306.2354 330.0 313.0
330.0 313.0 324.91968 319.9854 313.63 333.5539 307.0 339.0
307.0 339.0 299.63 345.0539 282.30096 354.0872 274.0 359.0
274.0 359.0 270.05096 361.3372 262.27286 366.535 258.0 368.0
258.0 368.0 253.52286 369.535 243.78383 370.68106 239.0 371.0
239.0 371.0 232.53383 371.43106 219.49825 371.11203 213.0 371.0
213.0 371.0 204.99825 370.86203 188.48361 372.06445 181.0 370.0
181.0 370.0 173.98361 368.06445 161.15114 359.25845 155.0 355.0
155.0 355.0 148.15114 350.25845 134.52187 340.1354 129.0 334.0
129.0 334.0 123.271866 327.6354 113.77022 312.69122 110.0 305.0
110.0 305.0 107.52022 299.94122 104.780876 288.59628 104.0 283.0
104.0 283.0 103.280876 277.84628 102.38036 266.85895 104.0 262.0
104.0 262.0 107.38036 251.85895 118.25444 232.2907 124.0 223.0
124.0 223.0 130.00444 213.2907 144.49184 195.41606 151.0 186.0
151.0 186.0 156.24184 178.41606 165.53012 162.39174 171.0 155.0
171.0 155.0 174.78012 149.89174 183.2075 140.08774 188.0 136.0
188.0 136.0 191.7075 132.83774 200.47162 127.870415 205.0 126.0
205.0 126.0 211.97162 123.120415 226.60664 118.50606 234.0 117.0
234.0 117.0 240.10664 115.75606 252.7391 115.22768 259.0 115.0
259.0 115.0 266.4891 114.72768 281.6291 113.979416 289.0 115.0
289.0 115.0 297.8791 116.229416 315.44678 121.20376 324.0 124.0
